---
startPose:
  x: -58.0
  y: 59.0
  heading: -1.5707963267948966
startTangent: 0.0
waypoints:
- position:
    x: -58.0
    y: 53.0
  heading: 0.0
  tangent: 1.5707963267948966
  interpolationType: "CONSTANT"
- position:
    x: -10.0
    y: 42.0
  heading: 0.0
  tangent: -1.5707963267948966
  interpolationType: "TANGENT"
resolution: 0.25
version: 1
